      0/99     4.77G   0.05696   0.01738         0   0.07433       103       640    0.2106       0.3    0.1524   0.03383   0.03289  0.006502         0
      1/99     11.1G    0.0411   0.01174         0   0.05284        77       640    0.3026    0.3563    0.2664    0.0615   0.02515  0.005136         0
      2/99     11.1G   0.03492  0.009872         0   0.04479        91       640    0.6033    0.4875    0.5594    0.2142   0.02531  0.003494         0
      3/99     11.1G   0.02917  0.008486         0   0.03766        76       640    0.7095    0.6094    0.7151    0.3283   0.02123  0.002949         0
      4/99     11.1G   0.02602  0.007905         0   0.03393        63       640    0.6331      0.65    0.7007    0.3774    0.0253  0.002141         0
      5/99     11.1G    0.0223  0.007432         0   0.02973        71       640    0.8118    0.5813    0.7644    0.3998   0.02142  0.002087         0
      6/99     11.1G   0.01992  0.006795         0   0.02671        86       640    0.5106     0.577    0.5969    0.3411   0.02103  0.001945         0
      7/99     11.1G   0.01796  0.006383         0   0.02434        74       640    0.5603    0.5775    0.6513    0.4093   0.01954  0.001943         0
      8/99     11.1G   0.01976  0.005846         0    0.0256        75       640    0.6625    0.7188    0.7901    0.5368   0.01645  0.001793         0
      9/99     11.1G   0.01454  0.005373         0   0.01991        90       640    0.8017    0.5563     0.745    0.5439   0.01802   0.00158         0
     10/99     11.1G   0.01498  0.005125         0    0.0201        80       640    0.8182    0.7188    0.8431    0.5527     0.016  0.001725         0
     11/99     11.1G   0.01266  0.004832         0   0.01749        85       640    0.8634    0.7902     0.905    0.6024    0.0132  0.001658         0
     12/99     11.1G    0.0154  0.004818         0   0.02022        77       640    0.7068    0.7031    0.7972    0.4904    0.0167  0.001754         0
     13/99     11.1G    0.0158  0.004851         0   0.02066        80       640    0.9351    0.8156    0.9096    0.5659   0.01595  0.001534         0
     14/99     11.1G   0.01346   0.00452         0   0.01798        89       640    0.8239    0.7312    0.8466    0.5052   0.01741  0.001565         0
     15/99     11.1G   0.01302  0.004645         0   0.01767        67       640    0.8818    0.8313    0.9145     0.679  0.008434  0.001879         0
     16/99     11.1G   0.01117  0.004551         0   0.01572        97       640    0.8328    0.7937    0.8683    0.5454  0.008674  0.002079         0
     17/99     11.1G   0.01159  0.004248         0   0.01584        94       640    0.8216    0.8688    0.8968    0.6082  0.007384  0.002504         0
     18/99     11.1G   0.01006   0.00423         0   0.01429        81       640    0.7928    0.7652     0.858    0.5794  0.008441  0.002548         0
     19/99     11.1G  0.009867  0.004084         0   0.01395        76       640    0.8762    0.7745    0.8836    0.5784  0.007942  0.002261         0
     20/99     11.1G  0.008848  0.003916         0   0.01276        70       640     0.863    0.7719    0.8706    0.5445  0.007819   0.00264         0
     21/99     11.1G  0.009334  0.003963         0    0.0133        86       640    0.8636    0.7562    0.8778    0.5575  0.008368  0.002799         0
