     0/149     6.21G    0.0588   0.05769   0.04374    0.1602        54      1280   0.06253    0.1394   0.04043  0.008255   0.04624   0.04738   0.03068
     1/149     8.63G   0.04281   0.04391   0.02971    0.1164        28      1280    0.1319    0.2915    0.1305   0.04547   0.03983    0.0452   0.02222
     2/149     8.63G   0.03447   0.04278   0.02004   0.09728        25      1280    0.2768    0.3834    0.2738    0.1096   0.04253   0.04353   0.01923
     3/149     8.63G   0.03237   0.03899   0.01492   0.08628        48      1280    0.4439     0.598    0.5116    0.1822   0.04081   0.03677   0.01222
     4/149     8.63G   0.03156   0.03513   0.01193   0.07862        58      1280    0.6553    0.7043      0.72     0.296   0.03791   0.03322   0.01008
     5/149     8.63G   0.02984   0.03248   0.00845   0.07077        54      1280    0.7346    0.6844    0.7845     0.359   0.03826   0.03318  0.008208
     6/149     8.63G   0.02915   0.03338  0.008102   0.07063        33      1280    0.7217    0.8358    0.8646    0.4514   0.03535   0.03269  0.007666
     7/149     8.63G   0.02724   0.03125  0.006619   0.06511        35      1280     0.804    0.8363    0.8804    0.4497   0.03082   0.03203   0.00678
     8/149     8.63G   0.02461   0.03118   0.00653   0.06232        46      1280    0.8211    0.8572    0.9202    0.5076   0.03064   0.03288  0.006615
     9/149     8.63G   0.02632   0.03082  0.006564   0.06371        37      1280    0.7691    0.8057    0.8561    0.4777   0.03299   0.03588  0.009311
    10/149     8.63G   0.02355   0.02984    0.0052    0.0586        62      1280     0.856    0.8706    0.9357    0.5384   0.03148   0.03131  0.009189
    11/149     8.63G   0.02318   0.02969  0.005201   0.05807        55      1280    0.8664    0.9314    0.9528    0.5748   0.03218   0.03048   0.01157
    12/149     8.63G   0.02299   0.02862  0.004478   0.05608        22      1280    0.8857    0.9384    0.9649    0.5966   0.03277   0.03085   0.01157
    13/149     8.63G   0.02047   0.02786  0.003374    0.0517        32      1280    0.9273    0.9441    0.9699    0.6298    0.0312   0.02939   0.01023
    14/149     8.63G   0.02033   0.02777  0.004196   0.05229        42      1280    0.9015    0.9062    0.9578    0.6019   0.03088   0.03126   0.01104
    15/149     8.63G   0.02291   0.02869  0.006116   0.05772        75      1280    0.8973    0.9384    0.9669    0.6173   0.02901    0.0302   0.01165
    16/149     8.63G   0.02027    0.0285  0.003972   0.05274        33      1280    0.9023    0.9496    0.9676    0.6125   0.02831   0.03058   0.01001
    17/149     8.63G   0.02087   0.02814  0.004612   0.05362        43      1280    0.9234     0.952    0.9745    0.6232   0.03042   0.03082   0.01171
    18/149     8.63G   0.02117    0.0271   0.00371   0.05198        35      1280    0.9346    0.9505    0.9714    0.6341    0.0307   0.02931   0.01078
    19/149     8.63G   0.01937   0.02654  0.003019   0.04894        20      1280    0.9356    0.9619     0.976    0.6552   0.02967   0.02895   0.01094
    20/149     8.63G   0.02023   0.02652  0.004365   0.05111        40      1280    0.9301    0.9519     0.975    0.6464   0.02899   0.02932    0.0104
    21/149     8.63G   0.01862   0.02596  0.002626    0.0472        43      1280    0.9429    0.9759    0.9794    0.6533   0.02848     0.029   0.01015
    22/149     8.63G   0.02123   0.02606  0.005358   0.05265        34      1280    0.9609     0.965    0.9812    0.6549   0.02771   0.02976  0.009943
    23/149     8.63G   0.01979   0.02583  0.003704   0.04933        25      1280    0.9397    0.9601    0.9777    0.6491   0.02663   0.03088  0.009848
    24/149     8.63G   0.02139   0.02603  0.003669   0.05109        30      1280    0.9156    0.9624    0.9704    0.6483   0.02687   0.03021   0.01197
    25/149     8.63G   0.02088   0.02536  0.003783   0.05003        41      1280    0.9459    0.9663    0.9778    0.6565   0.02829   0.03044   0.01194
    26/149     8.63G   0.02183   0.02684  0.004664   0.05333        43      1280    0.9372    0.9497    0.9762    0.6464   0.02693   0.03045   0.01197
    27/149     8.63G   0.01988   0.02709  0.003418   0.05039        52      1280     0.942     0.957    0.9791    0.6503   0.02685   0.03039   0.01325
    28/149     8.63G   0.02087   0.02819  0.004901   0.05396        55      1280    0.9188    0.9288     0.947    0.6103   0.02794   0.03341   0.01323
    29/149     8.63G   0.01962   0.02655  0.002642   0.04881        60      1280    0.9583     0.961    0.9761    0.6497   0.02616    0.0305   0.01374
    30/149     8.63G   0.01897   0.02666  0.002648   0.04828        37      1280    0.9584    0.9712    0.9837    0.6679   0.02293   0.02991   0.01156
    31/149     8.63G    0.0188    0.0271   0.00222   0.04812        47      1280    0.9548    0.9753    0.9857    0.6701   0.02407   0.02985   0.01331
    32/149     8.63G   0.01796   0.02512  0.001966   0.04504        45      1280    0.9527    0.9743    0.9773    0.6752    0.0243    0.0295   0.01244
    33/149     8.63G   0.01748   0.02519  0.002231    0.0449        64      1280    0.9659    0.9692    0.9858    0.6766   0.02302   0.02981   0.01192
    34/149     8.63G   0.02002   0.02494  0.002954   0.04791        63      1280    0.9588    0.9745    0.9821    0.6699    0.0238   0.03027   0.01232
    35/149     8.63G   0.01933   0.02539  0.002687    0.0474        47      1280    0.9627    0.9692    0.9819    0.6755    0.0239   0.03026   0.01312
    36/149     8.63G   0.01721   0.02531  0.002246   0.04476        28      1280    0.9742    0.9828     0.985    0.6833   0.02374   0.02937   0.01305
    37/149     8.63G   0.01711   0.02534  0.002061   0.04451        52      1280    0.9535    0.9785    0.9821    0.6784    0.0253   0.02905    0.0126
    38/149     8.63G   0.01872   0.02459  0.002071   0.04539        43      1280    0.9646    0.9823    0.9846    0.6786   0.02576   0.02821   0.01087
    39/149     8.63G   0.01876   0.02433  0.002591   0.04567        79      1280    0.9601    0.9764    0.9816    0.6753   0.02716   0.02959   0.01165
    40/149     8.63G   0.01801    0.0245  0.002329   0.04484        51      1280    0.9645    0.9823    0.9824    0.6876    0.0274   0.02827   0.01189
    41/149     8.63G   0.01859   0.02483  0.002935   0.04635        48      1280     0.962    0.9795    0.9875    0.6805   0.02705   0.02825   0.01041
    42/149     8.63G   0.02045   0.02464  0.003603    0.0487        38      1280    0.9686    0.9781    0.9851    0.6892   0.02562   0.02879   0.01154
    43/149     8.63G     0.019   0.02581  0.002473   0.04729        46      1280     0.961    0.9797    0.9836    0.6878    0.0279   0.02921   0.01233
    44/149     8.63G   0.01673   0.02415   0.00148   0.04236        40      1280    0.9763    0.9741    0.9861     0.691   0.02914   0.02888   0.01123
    45/149     8.63G   0.01717    0.0242  0.001962   0.04332        55      1280    0.9704    0.9808    0.9865    0.6863   0.02871   0.02864   0.01189
    46/149     8.63G   0.01837   0.02448  0.002565   0.04542        59      1280    0.9706    0.9741    0.9856    0.6919   0.02817    0.0284   0.01294
    47/149     8.63G   0.01809   0.02364  0.002447   0.04417        27      1280    0.9798    0.9658    0.9837    0.6874   0.02785   0.02846   0.01293
    48/149     8.63G   0.01975   0.02482  0.002821   0.04739        53      1280    0.9762    0.9772    0.9844    0.6875   0.02763   0.02899   0.01366
    49/149     8.63G   0.01757   0.02432  0.002714   0.04461        16      1280     0.956    0.9802    0.9827    0.6842   0.02753    0.0284   0.01367
    50/149     8.63G   0.01821   0.02449  0.002068   0.04478        62      1280    0.9735    0.9783    0.9866    0.6943   0.02812   0.02889   0.01348
    51/149     8.63G   0.01733   0.02425  0.002029   0.04361        51      1280    0.9678    0.9824    0.9866    0.6931   0.02824   0.02842   0.01349
    52/149     8.63G   0.01833   0.02343  0.002155   0.04392        42      1280    0.9806    0.9727    0.9861    0.7022   0.02823   0.02901   0.01321
